  C  6.0   5.01113      5.00360      5.26961
  C  6.0   6.15272      4.86391      5.95588
  C  6.0   3.63150      5.01269      5.86332
  O  8.0   4.96505      5.17280      3.90195
  H  1.0   6.13423      4.74364      7.03510
  H  1.0   7.12639      4.87621      5.46624
  H  1.0   5.87779      5.18151      3.55619
  H  1.0   2.87911      5.02592      5.06780
  H  1.0   3.47898      5.90415      6.48629
  H  1.0   3.46520      4.12987      6.49268

  C  6.0   5.07389      5.00807      5.36586
  C  6.0   6.17416      4.81386      6.10654
  C  6.0   3.65984      5.02883      5.87224
  O  8.0   5.11640      5.21570      4.00263
  H  1.0   6.11154      4.70244      7.18536
  H  1.0   7.16364      4.76089      5.65211
  H  1.0   6.05045      5.30039      3.73559
  H  1.0   2.96096      5.02563      5.02849
  H  1.0   3.46281      5.92809      6.47110
  H  1.0   3.45390      4.15487      6.50134

  C  6.0   5.05454      5.02396      5.37639
  C  6.0   6.17109      4.83764      6.09910
  C  6.0   3.63383      5.01563      5.85799
  O  8.0   5.18530      5.18519      4.01114
  H  1.0   6.22354      4.95084      7.17383
  H  1.0   7.06927      4.50659      5.57650
  H  1.0   6.13395      5.40554      3.92311
  H  1.0   2.92825      5.02849      5.01848
  H  1.0   3.41481      5.87793      6.49990
  H  1.0   3.45185      4.10884      6.44834

  C  6.0   5.01736      5.03659      5.34360
  C  6.0   6.18157      4.89970      6.03041
  C  6.0   3.61175      4.98823      5.84115
  O  8.0   5.23280      5.21619      3.99839
  H  1.0   6.32029      5.14345      7.06965
  H  1.0   6.93940      4.27938      5.54521
  H  1.0   6.19490      5.44889      4.17699
  H  1.0   2.87150      5.00377      5.03183
  H  1.0   3.42488      5.84421      6.50011
  H  1.0   3.46938      4.08010      6.44320

  C  6.0   4.97297      5.03255      5.26147
  C  6.0   6.24242      4.99745      5.89924
  C  6.0   3.60097      4.95744      5.82987
  O  8.0   5.14612      5.23886      3.98488
  H  1.0   6.36881      5.23468      6.95790
  H  1.0   6.84374      4.13807      5.57752
  H  1.0   6.31910      5.46522      4.48593
  H  1.0   2.84351      4.98838      5.04051
  H  1.0   3.44909      5.82440      6.49090
  H  1.0   3.47775      4.06349      6.45340

  C  6.0   4.93561      5.01990      5.19589
  C  6.0   6.27023      5.01731      5.81205
  C  6.0   3.59334      4.95258      5.83529
  O  8.0   5.03398      5.21758      3.96047
  H  1.0   6.38379      5.26918      6.89352
  H  1.0   6.82168      4.09664      5.59852
  H  1.0   6.46054      5.50064      4.68757
  H  1.0   2.83621      4.98441      5.04689
  H  1.0   3.45238      5.82300      6.49363
  H  1.0   3.47741      4.05934      6.45889

  C  6.0   4.90508      5.01134      5.13730
  C  6.0   6.27332      5.00826      5.75557
  C  6.0   3.58533      4.94683      5.84304
  O  8.0   4.93343      5.19157      3.91721
  H  1.0   6.39047      5.31406      6.81412
  H  1.0   6.78552      4.04810      5.62093
  H  1.0   6.63454      5.57227      4.86633
  H  1.0   2.81613      4.97532      5.06483
  H  1.0   3.46301      5.82108      6.50012
  H  1.0   3.48141      4.05190      6.46832

  C  6.0   4.88981      5.02562      5.06987
  C  6.0   6.26046      5.00729      5.71475
  C  6.0   3.59600      4.94504      5.84398
  O  8.0   4.85688      5.16466      3.85025
  H  1.0   6.33504      5.34091      6.75952
  H  1.0   6.71038      4.00602      5.64431
  H  1.0   6.82057      5.63198      5.01312
  H  1.0   2.78451      4.95708      5.10906
  H  1.0   3.49140      5.81436      6.51045
  H  1.0   3.52438      4.04783      6.47440

  C  6.0   4.89594      5.04357      5.00479
  C  6.0   6.23570      5.01429      5.71642
  C  6.0   3.63530      4.95550      5.83526
  O  8.0   4.84944      5.14161      3.78395
  H  1.0   6.18681      5.31570      6.76954
  H  1.0   6.64074      3.99127      5.67755
  H  1.0   6.92605      5.65960      5.16228
  H  1.0   2.75987      4.93610      5.17887
  H  1.0   3.57155      5.82348      6.50894
  H  1.0   3.64539      4.06339      6.47857

  C   6.0   4.9574615078   5.1573768921   5.0432960515
  C   6.0   6.2598030684   5.0033235250   5.8074121841
  C   6.0   3.6800649240   4.9086077417   5.8243431768
  O   8.0   4.9387358375   5.4657779685   3.8716491393
  H   1.0   6.2220176436   5.5470610534   6.7564610104
  H   1.0   6.4163457330   3.9464203389   6.0508281827
  H   1.0   7.0936406263   5.3596980879   5.2034210720
  H   1.0   2.8273457696   4.8762092018   5.1468469080
  H   1.0   3.5336476134   5.7186284843   6.5474802004
  H   1.0   3.7425572764   3.9771367064   6.3953620747